GUIShape,16711680,false,0,Circle_2D,2.7626956364856077,6.935913239887251, 1.6688799779721217
GUIShape,16776960,false,0,Polygon_2D,2.76055855881357,7.277789171934638,2.29284568902838,6.856380225268316,3.059478713450755,6.684842174028742
GUIShape,255,false,0,Circle_2D,2.229456042138123,7.807050566944161, 0.5285080148944521
GUIShape,255,false,0,Circle_2D,3.418407676454903,7.532832988328659, 0.5285080148944521
GUIShape,65280,false,0,Circle_2D,2.394911509182335,7.632153472391044, 0.19331336608592814
GUIShape,65280,false,0,Circle_2D,3.142348976173481,7.4042452656968525, 0.14062761223635017
GUIShape,16711680,false,0,Polygon_2D,1.4832514383933633,6.880441850055837,1.6925886924831786,6.322839226112286,2.198095316316171,5.867620173538553,2.9470561537573783,5.651290672025296,3.6396413869415207,5.901764377069144,3.962316312755238,6.295138948412429,3.191118625785123,5.984333234983314,3.221279181175317,6.392634657216208,2.740464235759132,5.961170375819007,2.7526457505571624,6.50140766639237,2.28706450964157,6.185730436804535,2.325757029312582,6.5693510782254885,1.9634690229948901,6.322537821303738,1.8013617016593442,6.791472656730433
GUIShape,0,false,0,Polygon_2D,2.117049828852055,5.430676117563093,1.3379393336255343,4.343488898591721,0.7599028402019283,5.679906061755682,0.581964453551135,5.0436855352237195,0.3555741685045599,4.755434422539386,0.8184155221310268,4.8712269231511875,1.2913231080932397,4.0787020498802455,1.489393959415542,2.8982878286467213,0.6715800469131352,2.322695266506133,1.8833822379808003,2.222158265604678,1.7742914775887728,2.825467451852434,2.8078429795922184,2.7130448921590524,2.6299045929414206,2.0768243656270915,3.943476648156936,2.0335726322107828,3.040633600050017,2.870883506952971,2.892214817555253,5.23445728551159
GUIShape,16711680,false,0,Circle_2D,6.4110327837718755,7.248189506421875, 0.7785448264082516
GUIShape,16776960,false,0,Polygon_2D,6.389240381265624,7.406184424592188,6.1985568593359375,7.182812298903125,6.563579601315624,7.15012369514375
GUIShape,255,false,0,Circle_2D,6.111387249310937,7.618660349028126, 0.24655288944825746
GUIShape,255,false,0,Circle_2D,6.677989714473437,7.5641793427624995, 0.24655288944825746
GUIShape,65280,false,0,Circle_2D,6.1985568593359375,7.547835040882812, 0.09018211197227141
GUIShape,65280,false,0,Circle_2D,6.558131500689063,7.487905933990625, 0.06560381896952992
GUIShape,16711680,false,0,Polygon_2D,5.822637916103124,7.144675594517188,5.953392331140625,6.8995110663218755,6.214901161215625,6.719723745645313,6.574475802568751,6.665242739379688,6.87956943765625,6.823237657550001,7.004875752067188,7.024817380732813,6.667093513220313,6.834133858803125,6.656197311967187,7.024817380732813,6.460065689410937,6.795997154417187,6.432825186278125,7.046609783239062,6.236693563721874,6.872270563189063,6.231245463095312,7.052057883865625,6.078698645551562,6.915855368201564,5.975184733646875,7.122883192010938
GUIShape,0,false,0,Polygon_2D,6.2040049599625,6.512695921835937,5.909807526128125,5.962437758553126,5.561129086028124,6.5453845255953125,5.517544281015626,6.240290890507813,5.430374670990625,6.093192173590626,5.6374024948,6.174913682989064,5.904359425501562,5.837131444142187,6.067802444298437,5.303217582739062,5.7245721048250005,4.987227746398437,6.291174569987501,5.01446824953125,6.2040049599625,5.286873280859375,6.688885915726563,5.2977694821125,6.645301110714064,4.992675847025,7.255488380889062,5.052604953917187,6.786951727004687,5.3849390921375,6.574475802568751,6.469111116823438
GUIShape,16711680,false,0,Circle_2D,6.739082783771876,4.275236381421875, 0.7785448264082516
GUIShape,16776960,false,0,Polygon_2D,6.717290381265625,4.433231299592188,6.526606859335938,4.209859173903125,6.891629601315625,4.17717057014375
GUIShape,255,false,0,Circle_2D,6.439437249310938,4.645707224028125, 0.24655288944825746
GUIShape,255,false,0,Circle_2D,7.006039714473437,4.5912262177625, 0.24655288944825746
GUIShape,65280,false,0,Circle_2D,6.526606859335938,4.574881915882812, 0.09018211197227141
GUIShape,65280,false,0,Circle_2D,6.886181500689062,4.514952808990626, 0.06560381896952992
GUIShape,16711680,false,0,Polygon_2D,6.1506879161031245,4.171722469517187,6.281442331140625,3.9265579413218745,6.542951161215625,3.7467706206453126,6.90252580256875,3.6922896143796873,7.20761943765625,3.8502845325500004,7.3329257520671876,4.051864255732813,6.995143513220313,3.861180733803125,6.984247311967188,4.051864255732813,6.788115689410937,3.8230440294171872,6.760875186278125,4.073656658239061,6.564743563721876,3.8993174381890627,6.559295463095311,4.079104758865625,6.406748645551563,3.942902243201562,6.303234733646875,4.149930067010937
GUIShape,0,false,0,Polygon_2D,6.532054959962499,3.5397427968359367,6.237857526128124,2.9894846335531255,5.8891790860281255,3.5724314005953124,5.845594281015625,3.2673377655078126,5.758424670990625,3.120239048590625,5.965452494799999,3.201960557989063,6.2324094255015625,2.8641783191421872,6.395852444298438,2.330264457739062,6.052622104825,2.014274621398437,6.6192245699875,2.0415151245312484,6.532054959962499,2.313920155859375,7.016935915726563,2.324816357112499,6.973351110714064,2.0197227220249996,7.583538380889062,2.0796518289171875,7.115001727004687,2.4119859671374995,6.90252580256875,3.4961579918234373
